ISS (ZARYA)             
1 25544U 98067A   10063.37915313  .00014094  00000-0  10260-3 0  6988
2 25544  51.6465  48.6647 0007661  11.8053 136.8643 15.73611041646963
SOYUZ-TMA 16            
1 35940U 09053A   10060.52027795  .00014241  00000-0  10400-3 0  1129
2 35940  51.6469  63.3356 0007314   0.4426 142.2279 15.73528972646519
PROGRESS-M 03M          
1 35948U 09056A   10060.52027795  .00014241  00000-0  10400-3 0  1478
2 35948  51.6469  63.3356 0007314   0.4426 142.2279 15.73528972 21693
SOYUZ-TMA 17            
1 36129U 09074A   10060.52027795  .00014241  00000-0  10400-3 0   592
2 36129  51.6469  63.3356 0007314   0.4426 142.2279 15.73528972646519
PROGRESS-M 04M          
1 36361U 10003A   10060.52027795  .00014241  00000-0  10400-3 0   291
2 36361  51.6469  63.3356 0007314   0.4426 142.2279 15.73528972646517
