ISS (ZARYA)             
1 25544U 98067A   10101.40319986  .00025785  00000-0  17598-3 0  9511
2 25544  51.6464 213.4182 0005004 156.8803 327.7617 15.74641880652953
PROGRESS-M 03M          
1 35948U 09056A   10099.81885311  .00026494  00000-0  18136-3 0  1824
2 35948  51.6451 221.5604 0004860 152.4262 345.1874 15.74555972652705
SOYUZ-TMA 17            
1 36129U 09074A   10099.81885311  .00026494  00000-0  18136-3 0   869
2 36129  51.6451 221.5604 0004860 152.4262 345.1874 15.74555972652707
PROGRESS-M 04M          
1 36361U 10003A   10099.81885311  .00026494  00000-0  18136-3 0   568
2 36361  51.6451 221.5604 0004860 152.4262 345.1874 15.74555972652705
SOYUZ-TMA 18            
1 36505U 10011A   10099.81885311  .00026494  00000-0  18136-3 0   174
2 36505  51.6451 221.5604 0004860 152.4262 345.1874 15.74555972652705
STS 131                 
1 36507U 10012A   10099.81885311  .00026494  00000-0  18136-3 0   201
2 36507  51.6451 221.5604 0004860 152.4262 345.1874 15.74555972652707
